14 |11 |5  |11 |9  |11 |3  |15 |14 |8  |
----------------------------------------
2  |12 |16 |8  |6  |1  |7  |12 |4  |4  |
----------------------------------------
12 |15 |6  |13 |12 |9  |11 |12 |15 |4  |
----------------------------------------
12 |10 |11 |6  |6  |8  |2  |14 |6  |13 |
----------------------------------------
3  |6  |7  |9  |4  |13 |13 |16 |8  |5  |
----------------------------------------
6  |16 |6  |10 |8  |10 |6  |11 |10 |13 |
----------------------------------------
10 |7  |6  |3  |7  |4  |4  |3  |1  |13 |
----------------------------------------
12 |11 |8  |10 |13 |17 |2  |9  |5  |14 |
----------------------------------------
4  |15 |7  |12 |7  |17 |15 |12 |7  |11 |
----------------------------------------
13 |7  |12 |13 |9  |5  |6  |7  |6  |12 |
----------------------------------------

