151 |333 |197 |264 |218 |258 |105 |243 |190 |332 |
--------------------------------------------------
122 |251 |211 |158 |145 |200 |99  |184 |184 |223 |
--------------------------------------------------
167 |412 |281 |271 |220 |293 |132 |297 |245 |368 |
--------------------------------------------------
131 |251 |157 |200 |180 |206 |102 |200 |179 |240 |
--------------------------------------------------
153 |264 |167 |168 |146 |172 |57  |169 |154 |276 |
--------------------------------------------------
148 |290 |199 |183 |152 |164 |104 |209 |200 |262 |
--------------------------------------------------
112 |180 |125 |153 |139 |143 |97  |177 |166 |162 |
--------------------------------------------------
170 |322 |209 |263 |224 |251 |116 |268 |256 |301 |
--------------------------------------------------
162 |375 |233 |241 |189 |233 |128 |269 |249 |350 |
--------------------------------------------------
128 |277 |215 |228 |188 |216 |159 |258 |247 |237 |
--------------------------------------------------

