45 |24 |0  |28 |0  |30 |2  |54 |45 |15 |
----------------------------------------
1  |32 |63 |7  |0  |0  |12 |32 |0  |3  |
----------------------------------------
27 |54 |0  |40 |35 |18 |30 |35 |54 |3  |
----------------------------------------
35 |21 |18 |0  |8  |15 |1  |48 |8  |40 |
----------------------------------------
0  |8  |12 |20 |0  |36 |42 |63 |0  |6  |
----------------------------------------
8  |64 |5  |16 |12 |25 |5  |30 |9  |40 |
----------------------------------------
24 |0  |5  |0  |0  |4  |3  |0  |0  |36 |
----------------------------------------
32 |24 |15 |25 |42 |72 |0  |18 |4  |45 |
----------------------------------------
0  |56 |12 |35 |12 |72 |56 |35 |12 |24 |
----------------------------------------
36 |12 |27 |42 |8  |4  |8  |0  |8  |27 |
----------------------------------------

